401808576
401808582
401808592
401808595
401808610
401808618
401808622
401808630
401808636
401808646
401808650
401808657
401808662
401808671
401808678
401808681
401808692
401808696
401809223
401809224
401809225
401809229
401809230
401809311
401809313
401809315
401809317
401809320
401809321
401809322
401809323
401809325
401809326
401809328
401809331
401809335
401809337
401809338
401809340
401809342
401809343
401809345
401809347
401809348
401809350
401809352
401809353
401809355
401809357
401809358
401809359
401809362
401809364
401809365
401809367
401809370
401809371
401809372
401809373
401809375
401809377
401809379
401809382
401809383
401809384
401809391
401809392
401809397
401811970
401811986
401811994
401811998
401812010
401812017
401812021
401812028
401812034
401812036
401812047
401812049
401812059
401812063
401812069
401812071
401812080
401812087
401812088
401812609
401817180
401817212
401819887
401820215
401820543
401820798
401820803
401820806
401820838
401820848
401822309
401823215
401823216
401823226
401823387
401823390
401823418
401823444
401823476
401823494
401823862
401824134
401824867
401824868
401824869
401824870
401824871
401824872
401825383
401825389
401826697
401826709
401826714
401826771
401826836
401826840
401826883
401826901
401826942
401826943
401826970
401826972
401827448
401827449
401827450
401827451
401827452
401827453
401827519
401827733
401828333
401828334
401828343
401828350
401828357
401828363
401828371
401828384
401828388
401828397
401828402
401828407
401828413
401828429
401828432
401828438
401828445
401828454
401828457
401828463
401828545
401828642
401828643
401828644
401829424
401829437
401829438
401829439
401829440
401829441
401829488
401829489
401829490
401829491
401829492
401830916
401831204
401831209
401831229
401851268
401851274
401851579
401851581
401851583
401851586
401851591
401851593
401851637
401851699
401851701
401851703
401851705
401851706
401856429
401856497
401858339
401858731
401858786
