401804893
401804894
401804925
401804926
401804927
401804938
401805157
401805158
401805159
401805193
401805194
401805195
401805199
401805200
401805201
401806364
401806365
401806366
401806373
401806374
401806375
401806376
401806415
401806416
401806417
401806418
401806419
401806448
401806449
401806450
401806451
401806452
401806481
401806482
401806483
401806484
401806485
401806492
401806493
401806494
401806495
401806496
401807661
401807662
401807663
401807664
401807665
401807666
401807698
401807699
401807700
401807701
401807702
401807746
401807747
401808145
401808146
401808147
401808148
401808152
401808153
401808155
401808159
401808160
401808161
401808162
401808165
401808167
401808168
401808170
401808172
401808173
401808174
401808175
401808176
401808178
401808181
401808182
401808184
401808188
401808189
401808190
401808192
401808193
401808195
401808198
401808199
401808203
401808204
401808205
401808206
401808207
401808208
401808210
401808218
401808220
401808222
401808224
401808225
401808229
401808230
401808231
401808233
401808234
401808238
401808241
401808244
401808246
401808249
401808252
401808253
401808255
401808257
401808259
401808261
401808263
401808264
401808266
401808268
401808271
401808273
401808274
401808277
401808278
401808279
401808281
401808285
401808286
401808288
401808458
401808464
401808466
401808475
401808481
401808483
401808487
401808491
401808497
401808501
401808504
401808505
401808513
401808515
401808519
401808528
401808535
401808537
401808592
401808593
401808628
401808629
401808630
401808631
401808632
401808633
401808666
401808667
401808668
401808677
401808678
401808679
401808680
401808703
401808709
401808711
401808731
401808876
401808878
401808897
401808900
401808901
401808906
401808908
401808924
401808938
401808940
401808959
401808969
401809047
401809078
401809086
401809092
401809098
401809105
401809107
401809112
401809116
401809118
401809123
401809124
401809135
401809140
401809143
401809146
401809148
401809153
401809157
401809226
401809227
401809305
401809306
401809307
401809376
401809377
401809416
401809419
401811096
401811097
401811098
401811099
401811100
401811102
401811103
401812018
401812019
401812023
401812024
401812025
401812026
401812027
401812028
401812029
401812060
401812061
401812062
401812063
401812064
401812071
401812072
401812073
401812074
401812075
401812122
401812123
401812124
401812125
401812126
401812127
401812128
401812129
401812150
401812151
401812152
401812153
401812158
401812159
401812160
401812161
401812252
401812256
401812260
401812261
401812262
401812263
401812264
401812265
401812266
401812267
401812268
401812269
401812282
401812290
401812320
401812327
401812329
401812339
401812345
401812347
401812356
401812364
401812374
401812376
401812384
401812387
401812391
401812393
401812407
401812409
401812416
401812574
401812581
401812588
401812600
401812611
401812629
401812654
401812656
401812660
401812785
401812786
401812787
401812788
401812789
401812790
401812791
401812792
401812793
401812794
401812923
401813254
401813284
401813287
401813301
401813313
401813320
401813331
401813334
401813335
401813363
401813377
401813382
401813386
401813387
401813388
401813410
401813412
401813424
401813426
401813455
401813756
401813757
401813758
401813759
401813760
401813761
401813762
401813763
401813766
401814510
401814515
401814524
401814526
401814531
401814543
401814550
401814556
401814565
401814572
401814575
401814583
401814590
401814597
401814601
401817151
401817198
401817228
401817229
401817230
401817231
401817232
401817233
401817234
401817235
401817236
401817237
401817238
401817239
401817240
401817241
401817242
401817243
401817244
401817245
401817246
401817247
401817248
401817249
401817250
401817255
401817256
401817259
401817262
401817263
401817264
401817265
401817266
401817267
401817268
401817269
401817270
401817271
401817470
401817475
401817481
401817505
401817513
401817514
401817515
401817516
401817529
401817531
401817537
401817601
401817602
401817603
401817604
401817612
401817613
401817614
401817615
401817634
401817635
401817640
401817661
401817662
401817663
401817664
401817665
401817673
401818310
401818331
401818332
401818394
401818395
401818396
401818417
401818418
401818419
401818426
401818427
401818548
401818559
401819814
401819815
401819824
401819827
401819834
401819835
401819836
401819837
401819838
401819839
401819840
401819841
401819846
401819866
401819871
401819872
401819873
401819874
401819875
401819876
401819877
401819878
401819879
401819880
401819881
401819882
401819883
401819884
401819885
401819886
401819887
401819892
401819893
401819895
401819898
401819899
401819900
401819901
401819902
401819903
401819904
401819916
401820164
401820187
401820199
401820218
401820294
401820475
401820478
401820542
401820546
401820577
401820598
401820611
401820634
401820636
401820639
401820641
401820643
401820644
401820646
401820648
401820650
401820652
401820654
401820657
401820659
401820661
401820664
401820666
401820667
401820669
401820672
401820675
401820676
401820679
401820680
401820681
401820685
401820687
401820689
401820690
401820691
401820697
401820698
401820703
401820705
401820707
401820709
401820710
401820712
401820714
401820715
401820716
401820718
401820720
401820722
401820724
401820728
401820729
401820730
401820731
401820733
401820734
401820736
401820740
401820742
401820747
401820749
401820750
401820752
401820756
401820759
401820760
401820762
401820763
401820767
401820770
401820771
401820774
401820778
401820779
401820784
401820785
401820788
401820790
401820794
401820810
401820816
401820817
401820818
401820819
401820820
401820821
401820831
401820832
401820845
401820846
401822185
401822319
401822330
401822348
401822356
401822359
401822368
401822397
401822758
401822769
401822868
401822869
401822875
401822876
401822880
401822885
401822889
401822893
401822900
401822902
401822903
401822904
401822906
401822907
401822913
401822918
401822919
401822923
401822927
401822928
401822932
401822937
401822940
401822942
401822943
401822948
401822949
401822952
401822953
401822959
401822962
401822963
401822967
401822972
401822973
401822996
401822998
401823001
401823007
401823019
401823022
401823028
401823047
401823177
401823180
401823184
401823223
401823225
401823256
401823261
401823268
401823311
401823316
401823362
401823365
401823371
401823382
401823393
401823417
401823437
401823439
401823441
401823442
401823448
401823461
401823470
401823472
401823474
401823475
401823476
401823477
401823478
401823479
401823480
401823481
401823482
401823483
401823485
401823497
401823515
401823529
401823542
401823546
401823555
401823565
401823566
401823572
401823596
401823636
401823637
401823651
401823732
401823743
401823762
401823764
401823768
401823796
401823808
401823848
401823852
401823858
401823942
401823943
401823944
401823945
401823950
401823951
401823952
401823953
401824023
401824031
401824032
401824033
401824034
401824035
401824036
401824089
401824308
401824309
401824311
401824809
401824810
401824811
401824812
401824813
401824814
401824830
401824896
401824935
401824940
401825208
401825387
401825391
401825392
401825393
401825394
401825395
401825400
401825402
401825404
401825405
401825406
401825407
401825408
401825409
401825411
401825412
401825414
401825416
401825417
401825419
401825420
401825422
401825423
401825426
401825427
401825428
401825430
401825431
401825432
401825433
401825435
401825438
401825440
401825442
401825444
401825445
401825446
401825448
401825450
401825451
401825452
401825456
401825458
401825459
401825460
401825461
401825463
401825464
401825466
401825467
401825468
401825470
401825471
401825473
401825474
401825475
401825479
401825481
401825486
401825487
401825492
401825493
401825496
401825498
401825499
401825503
401825506
401825507
401825509
401825512
401825513
401825514
401825515
401825518
401825520
401825521
401825522
401825524
401825527
401825528
401825531
401825532
401825534
401825535
401825537
401825541
401825543
401825544
401825548
401825550
401825552
401825553
401825554
401825556
401825560
401825561
401825565
401825567
401825568
401825569
401825577
401825588
401826048
401826083
401826084
401826707
401826732
401826740
401826746
401826772
401826775
401826776
401826784
401826785
401826786
401826787
401826788
401826789
401826790
401826791
401826799
401826807
401826832
401826835
401826865
401826869
401826874
401826885
401826886
401826887
401826888
401826896
401826911
401826912
401826915
401826916
401826972
401826974
401827016
401827017
401827020
401827024
401827049
401827051
401827078
401827088
401827090
401827093
401827097
401827111
401827124
401827134
401827141
401827148
401827162
401827163
401827170
401827180
401827181
401827203
401827207
401827219
401827220
401827221
401827222
401827239
401827257
401827264
401827435
401827489
401827490
401827523
401827592
401827594
401827595
401827596
401827598
401827599
401827600
401827601
401827602
401827604
401827605
401827606
401827609
401827610
401827611
401827612
401827613
401827614
401827615
401827616
401827617
401827619
401827620
401827623
401827624
401827625
401827626
401827628
401827631
401827632
401827633
401827634
401827637
401827639
401827642
401827644
401827645
401827646
401827650
401827651
401827652
401827653
401827654
401827655
401827659
401827661
401827662
401827665
401827666
401827668
401827669
401827672
401827674
401827675
401827676
401827678
401827679
401827680
401827681
401827682
401827686
401827689
401827690
401827693
401827695
401827696
401827698
401827700
401827701
401827704
401827705
401827707
401827711
401827712
401827714
401827715
401827719
401827721
401827724
401827725
401827726
401827727
401827728
401828190
401828195
401828225
401828236
401828237
401828276
401828296
401828299
401828342
401828376
401828380
401828381
401828382
401828387
401828394
401828400
401828407
401828418
401828425
401828431
401828437
401828443
401828449
401828461
401828466
401828553
401828576
401828643
401828664
401828686
401828689
401828727
401828912
401829163
401829169
401829180
401829181
401829190
401829197
401829203
401829210
401829214
401829225
401829227
401829233
401829240
401829244
401829245
401829250
401829255
401829260
401829265
401829283
401829294
401829375
401829386
401829390
401829406
401829419
401829435
401829464
401829500
401830201
401830213
401830239
401830241
401830255
401830256
401830257
401830258
401830280
401830298
401830299
401830300
401830301
401830319
401830344
401830752
401830778
401830827
401830828
401830879
401830886
401831198
401831202
401831214
401831215
401831216
401831217
401831218
401831220
401831223
401831278
401837346
401842404
401845843
401851174
401851177
401851178
401851179
401851180
401851181
401851182
401851183
401851289
401851296
401851299
401851300
401851302
401851304
401851305
401851306
401851311
401851313
401851315
401851316
401851317
401851376
401851377
401851380
401851381
401851382
401851383
401851384
401851386
401851388
401851562
401851565
401851566
401851567
401851568
401851569
401851570
401851571
401851759
401851760
401851762
401856434
401856435
401856436
401856437
401856478
401856479
401856480
401856481
401856482
401856483
401856484
401856485
401856486
401856487
401856488
401856489
401856490
401856491
401856492
401856493
401856494
401856495
401856496
401856497
401856518
401856519
401856520
401856521
401856522
401856523
401856524
401856525
401856526
401856527
401856528
401856529
401856530
401856531
401856532
401856533
401856534
401856535
401856536
401856537
401856558
401856559
401856560
401856561
401856562
401856563
401856564
401856565
401856566
401856567
401856568
401856569
401856570
401856571
401856572
401856573
401856574
401856575
401856576
401856577
401858186
